date,our_team,opp_team,our_final_team_point,opp_final_team_point,our_penalty_shootout_point,opp_penalty_shootout_point,final_result,our_domination_time,opp_domination_time,our_possession,opp_possession,our_yellow,opp_yellow,our_pass_all,our_pass_L,our_pass_R,our_pass_F,our_pass_B,opp_pass_all,opp_pass_L,opp_pass_R,opp_pass_F,opp_pass_B,our_through_pass,opp_through_pass,our_successed_tackle,our_failed_tackle,opp_successed_tackle,opp_failed_tackle,our_shoot,opp_shoot,our_point,opp_point,our_dribble,opp_dribble,our_penalty_area,opp_penalty_area,our_disconnected_player,opp_disconnected_player
202402170451,iBots_Dev_18,HELIOS_base_18,2,2,0,0,1,2230,2461,0.47537838413984224,0.5246216158601578,0,0,75,25,19,31,0,76,25,20,26,5,2,1,15,1,19,2,2,3,2,2,284,311,6,-1,0,0
202402170352,iBots_Dev_14,HELIOS_base_14,0,3,0,0,0,2299,2248,0.5056080932482956,0.4943919067517044,0,2,81,19,24,34,4,77,21,25,28,3,8,4,19,0,15,1,2,7,0,3,266,304,12,-1,0,0
202402170254,iBots_Dev_10,HELIOS_base_10,2,6,0,0,0,2282,2480,0.47921041579168416,0.5207895842083158,2,0,85,22,21,35,7,71,21,19,26,5,2,5,17,3,21,1,3,9,2,6,333,331,10,-1,0,0
202402170338,iBots_Dev_13,HELIOS_base_13,3,2,0,0,3,2405,2101,0.5337328007101643,0.4662671992898358,0,0,70,21,16,27,6,80,17,20,38,5,4,2,19,3,9,4,8,5,3,2,256,278,14,-1,0,0
202402170436,iBots_Dev_17,HELIOS_base_17,8,1,0,0,3,2406,1961,0.5509503091367072,0.4490496908632929,1,0,66,16,19,30,1,70,17,20,23,10,3,4,20,1,16,3,9,4,8,1,319,248,17,-1,0,0
202402170308,iBots_Dev_11,HELIOS_base_11,2,3,0,0,0,2335,1946,0.5454333099743051,0.45456669002569494,2,1,77,22,28,21,6,66,16,15,29,6,1,5,24,1,13,0,6,3,2,3,256,256,11,-1,0,0
202402170042,iBots_Dev_1,HELIOS_base_1,2,1,0,0,3,2579,2059,0.5560586459680897,0.4439413540319103,2,1,75,17,22,30,6,78,23,22,30,3,3,5,17,4,21,2,9,4,2,1,289,243,13,-1,0,0
202402170224,iBots_Dev_8,HELIOS_base_8,3,3,0,0,1,2076,2278,0.47680293982544786,0.5231970601745521,1,0,65,18,15,30,2,65,21,8,25,11,5,3,17,3,16,2,5,6,3,3,272,342,9,-1,0,0
202402170323,iBots_Dev_12,HELIOS_base_12,5,3,0,0,3,2324,2246,0.5085339168490153,0.49146608315098467,1,1,76,17,26,29,4,74,20,21,30,3,5,2,13,2,17,2,8,4,5,3,263,279,12,-1,0,0
202402170407,iBots_Dev_15,HELIOS_base_15,5,2,0,0,3,2363,2321,0.5044833475661827,0.49551665243381726,1,2,83,23,21,36,3,80,24,16,32,8,3,2,24,0,17,1,5,3,5,2,219,241,9,-1,0,0
202402170210,iBots_Dev_7,HELIOS_base_7,2,4,0,0,0,2129,2134,0.49941355852685904,0.500586441473141,1,1,79,26,23,28,2,73,22,16,31,4,6,4,15,4,14,5,5,6,2,4,286,265,13,-1,0,0
202402170111,iBots_Dev_3,HELIOS_base_3,3,1,0,0,3,2255,2120,0.5154285714285715,0.4845714285714286,1,1,64,18,11,32,3,67,18,15,26,8,5,3,11,3,19,4,7,4,3,1,278,237,11,-1,0,0
202402170057,iBots_Dev_2,HELIOS_base_2,4,2,0,0,3,2217,2272,0.4938739140120294,0.5061260859879706,3,1,78,20,20,30,8,74,20,15,35,4,4,4,25,0,12,1,6,6,4,2,307,338,8,-1,0,0
202402170506,iBots_Dev_19,HELIOS_base_19,4,3,0,0,3,2258,2084,0.5200368493781667,0.47996315062183326,2,3,75,16,23,35,1,81,12,24,33,12,6,2,22,0,16,3,7,7,4,3,305,284,12,-1,0,0
202402170141,iBots_Dev_5,HELIOS_base_5,2,2,0,0,1,2167,2090,0.5090439276485789,0.4909560723514212,1,2,63,20,19,23,1,65,14,15,31,5,4,3,19,1,23,3,4,5,2,2,280,332,8,-1,0,0
202402170126,iBots_Dev_4,HELIOS_base_4,3,5,0,0,0,2191,2087,0.5121552127162226,0.48784478728377745,0,1,80,18,22,36,4,67,20,15,28,4,5,4,16,2,22,2,6,9,3,5,243,264,11,-1,0,0
202402170239,iBots_Dev_9,HELIOS_base_9,5,1,0,0,3,2408,2065,0.5383411580594679,0.4616588419405321,0,0,79,22,25,32,0,70,13,14,35,8,1,2,15,2,27,1,6,4,5,1,311,300,15,-1,0,0
202402170422,iBots_Dev_16,HELIOS_base_16,4,4,0,0,1,2427,2373,0.505625,0.494375,1,0,70,19,18,30,3,83,21,29,26,7,3,0,21,1,13,1,8,5,4,4,309,331,13,-1,0,0
202402170155,iBots_Dev_6,HELIOS_base_6,4,4,0,0,1,2253,2449,0.47915780518928114,0.5208421948107188,1,2,81,25,24,30,2,73,18,24,25,6,1,4,10,2,19,1,6,7,4,4,310,336,13,-1,0,0
202402170520,iBots_Dev_20,HELIOS_base_20,2,4,0,0,0,2227,2462,0.47494135210066113,0.5250586478993389,2,0,72,17,15,38,2,56,10,16,25,5,2,4,13,2,18,0,3,7,2,4,301,394,5,-1,0,0
